M,0.545000,0.410000,0.120000,0.793000,0.434000,0.140500,0.190000,9.000000
F,0.620000,0.500000,0.175000,1.186000,0.498500,0.301500,0.350000,12.000000
M,0.670000,0.510000,0.200000,1.594500,0.670500,0.384500,0.450500,10.000000
I,0.440000,0.330000,0.110000,0.370500,0.154500,0.084000,0.120000,7.000000
F,0.620000,0.480000,0.230000,1.093500,0.403000,0.245000,0.355000,14.000000
M,0.395000,0.305000,0.105000,0.282000,0.097500,0.065000,0.096000,9.000000
I,0.425000,0.320000,0.100000,0.305500,0.126000,0.060000,0.106000,7.000000
F,0.580000,0.435000,0.150000,0.834000,0.428000,0.151500,0.230000,8.000000
M,0.580000,0.430000,0.130000,0.798000,0.365000,0.173000,0.228500,10.000000
M,0.625000,0.475000,0.160000,1.084500,0.500500,0.235500,0.310500,10.000000
F,0.590000,0.455000,0.150000,0.976000,0.465000,0.205500,0.276500,10.000000
M,0.460000,0.375000,0.140000,0.510500,0.192000,0.104500,0.205000,9.000000
F,0.370000,0.275000,0.100000,0.222500,0.093000,0.026000,0.080000,8.000000
M,0.660000,0.510000,0.165000,1.637500,0.768500,0.354500,0.392500,14.000000
I,0.435000,0.340000,0.110000,0.379500,0.149500,0.085000,0.120000,8.000000
M,0.590000,0.470000,0.150000,0.995500,0.481000,0.232000,0.240000,8.000000
M,0.730000,0.575000,0.210000,2.069000,0.928500,0.409000,0.643000,11.000000
F,0.520000,0.405000,0.115000,0.776000,0.320000,0.184500,0.220000,8.000000
M,0.500000,0.400000,0.130000,0.664500,0.258000,0.133000,0.240000,12.000000
F,0.535000,0.425000,0.155000,0.776500,0.302000,0.156500,0.250000,16.000000
F,0.565000,0.450000,0.165000,0.976500,0.322000,0.244000,0.370000,12.000000
M,0.590000,0.460000,0.145000,0.929000,0.380000,0.240000,0.255000,10.000000
I,0.515000,0.405000,0.130000,0.573000,0.213000,0.134000,0.195000,9.000000
I,0.485000,0.375000,0.130000,0.602500,0.293500,0.128500,0.160000,7.000000
F,0.475000,0.375000,0.150000,0.559000,0.195500,0.121500,0.194500,12.000000
I,0.540000,0.420000,0.140000,0.666500,0.312500,0.138000,0.189500,10.000000
I,0.380000,0.280000,0.085000,0.273500,0.115000,0.061000,0.085000,6.000000
I,0.325000,0.240000,0.075000,0.187000,0.082500,0.044500,0.050000,6.000000
F,0.555000,0.420000,0.140000,0.868000,0.330000,0.243000,0.210000,13.000000
I,0.485000,0.370000,0.140000,0.506500,0.242500,0.088000,0.146500,8.000000
F,0.685000,0.530000,0.170000,1.510500,0.738500,0.352500,0.372500,10.000000
I,0.440000,0.355000,0.165000,0.435000,0.159000,0.105000,0.140000,16.000000
F,0.655000,0.525000,0.175000,1.348000,0.585500,0.260500,0.394000,10.000000
I,0.380000,0.285000,0.085000,0.237000,0.115000,0.040500,0.070000,6.000000
M,0.500000,0.375000,0.130000,0.721000,0.305500,0.172500,0.220000,14.000000
I,0.295000,0.215000,0.075000,0.116000,0.037000,0.029500,0.040000,8.000000
M,0.620000,0.460000,0.160000,0.950500,0.491500,0.200000,0.228000,9.000000
F,0.645000,0.480000,0.170000,1.134500,0.528000,0.254000,0.305000,10.000000
M,0.545000,0.440000,0.120000,0.856500,0.347500,0.171500,0.240000,12.000000
M,0.605000,0.475000,0.175000,1.252500,0.557500,0.305500,0.343000,9.000000
I,0.360000,0.250000,0.115000,0.465000,0.210000,0.105500,0.128000,7.000000
I,0.335000,0.255000,0.085000,0.178500,0.071000,0.040500,0.055000,9.000000
F,0.520000,0.415000,0.145000,0.804500,0.332500,0.172500,0.285000,10.000000
I,0.475000,0.365000,0.120000,0.518500,0.268000,0.109500,0.136500,8.000000
F,0.410000,0.320000,0.115000,0.387000,0.165000,0.100500,0.098500,11.000000
I,0.455000,0.365000,0.135000,0.441000,0.151500,0.116500,0.145000,9.000000
I,0.535000,0.420000,0.145000,0.688500,0.273000,0.151500,0.237000,9.000000
M,0.550000,0.450000,0.155000,0.789500,0.343000,0.159000,0.250000,12.000000
F,0.615000,0.520000,0.150000,1.343500,0.629000,0.260500,0.345000,10.000000
F,0.570000,0.425000,0.130000,0.782000,0.369500,0.174500,0.196500,8.000000
F,0.520000,0.400000,0.125000,0.686500,0.295000,0.171500,0.185000,9.000000
I,0.580000,0.490000,0.195000,1.316500,0.530500,0.254000,0.410000,18.000000
F,0.665000,0.515000,0.180000,1.389000,0.594500,0.324000,0.395000,10.000000
F,0.610000,0.490000,0.170000,1.137000,0.460500,0.282500,0.344000,12.000000
M,0.645000,0.515000,0.160000,1.184500,0.506000,0.311000,0.335000,9.000000
M,0.625000,0.495000,0.155000,1.177000,0.505500,0.278000,0.345000,9.000000
M,0.665000,0.535000,0.155000,1.383000,0.596000,0.256500,0.485000,14.000000
F,0.595000,0.450000,0.150000,1.114000,0.586500,0.220500,0.250000,11.000000
I,0.330000,0.245000,0.065000,0.144500,0.058000,0.032000,0.050500,6.000000
I,0.475000,0.360000,0.125000,0.490500,0.205000,0.130500,0.125000,8.000000
F,0.705000,0.550000,0.170000,1.219000,0.639500,0.236000,0.301000,9.000000
F,0.595000,0.465000,0.150000,1.076500,0.491000,0.220000,0.287000,9.000000
I,0.295000,0.220000,0.065000,0.129500,0.052000,0.028000,0.035000,6.000000
M,0.450000,0.355000,0.115000,0.479000,0.212500,0.104500,0.150000,8.000000
I,0.570000,0.440000,0.150000,0.755000,0.342500,0.160000,0.224000,8.000000
I,0.365000,0.265000,0.085000,0.213000,0.094500,0.049000,0.060000,7.000000
F,0.570000,0.450000,0.150000,0.964500,0.531000,0.189000,0.209000,9.000000
F,0.655000,0.530000,0.190000,1.428000,0.493000,0.318000,0.565000,18.000000
I,0.575000,0.455000,0.155000,0.872500,0.349000,0.209500,0.285000,8.000000
M,0.515000,0.420000,0.140000,0.769000,0.250500,0.154000,0.290000,13.000000
I,0.510000,0.400000,0.125000,0.557500,0.261500,0.119500,0.152500,9.000000
M,0.575000,0.455000,0.155000,1.013000,0.468500,0.208500,0.295000,11.000000
M,0.500000,0.390000,0.135000,0.781500,0.361000,0.157500,0.238500,9.000000
M,0.540000,0.420000,0.120000,0.811500,0.392000,0.145500,0.223500,9.000000
I,0.360000,0.285000,0.105000,0.241500,0.091500,0.057000,0.075000,7.000000
M,0.395000,0.295000,0.115000,0.316000,0.120500,0.059500,0.110500,12.000000
M,0.600000,0.480000,0.155000,1.014000,0.451000,0.188500,0.325000,11.000000
F,0.585000,0.460000,0.165000,1.058000,0.486000,0.250000,0.294000,9.000000
M,0.635000,0.490000,0.175000,1.375000,0.623000,0.270500,0.395000,11.000000
M,0.550000,0.430000,0.180000,0.826500,0.440500,0.159000,0.225000,10.000000
M,0.320000,0.240000,0.085000,0.170000,0.065500,0.047000,0.049000,7.000000
F,0.520000,0.405000,0.120000,0.627000,0.264500,0.141500,0.181000,11.000000
F,0.375000,0.290000,0.115000,0.270500,0.093000,0.066000,0.088500,10.000000
I,0.325000,0.200000,0.080000,0.099500,0.039500,0.022500,0.032000,8.000000
F,0.580000,0.440000,0.180000,0.854000,0.366500,0.163500,0.245000,12.000000
F,0.645000,0.520000,0.180000,1.285000,0.577500,0.352000,0.317000,9.000000
M,0.575000,0.455000,0.185000,1.156000,0.552500,0.243000,0.295000,13.000000
I,0.330000,0.205000,0.095000,0.159500,0.077000,0.032000,0.043500,5.000000
F,0.660000,0.520000,0.180000,1.514000,0.526000,0.297500,0.420000,19.000000
I,0.490000,0.375000,0.125000,0.544500,0.279000,0.115000,0.130000,8.000000
M,0.525000,0.410000,0.130000,0.990000,0.386500,0.243000,0.295000,15.000000
F,0.660000,0.525000,0.160000,1.277000,0.497500,0.319000,0.394000,13.000000
I,0.440000,0.365000,0.110000,0.446500,0.213000,0.089000,0.113500,9.000000
I,0.405000,0.300000,0.090000,0.269000,0.103000,0.067000,0.110000,6.000000
F,0.645000,0.515000,0.175000,1.546000,0.703500,0.365000,0.415000,10.000000
I,0.390000,0.285000,0.100000,0.281000,0.127500,0.062000,0.077000,7.000000
F,0.575000,0.460000,0.150000,0.927000,0.333000,0.207000,0.298500,9.000000
M,0.610000,0.460000,0.160000,1.000000,0.494000,0.197000,0.275000,10.000000
I,0.630000,0.490000,0.170000,1.217000,0.551500,0.212000,0.310000,11.000000
I,0.270000,0.195000,0.065000,0.106500,0.047500,0.022500,0.028500,5.000000
F,0.405000,0.325000,0.110000,0.357500,0.145000,0.072500,0.110000,12.000000
F,0.680000,0.580000,0.200000,1.787000,0.585000,0.453000,0.600000,19.000000
F,0.675000,0.525000,0.170000,1.809500,0.784000,0.391000,0.455000,12.000000
M,0.520000,0.410000,0.115000,0.770000,0.263000,0.157000,0.260000,11.000000
M,0.495000,0.380000,0.120000,0.474000,0.197000,0.106500,0.154500,10.000000
F,0.640000,0.485000,0.185000,1.419500,0.673500,0.346500,0.325500,11.000000
M,0.570000,0.480000,0.180000,0.939500,0.399000,0.200000,0.295000,14.000000
M,0.570000,0.450000,0.155000,0.910000,0.326000,0.189500,0.355000,14.000000
M,0.710000,0.565000,0.200000,1.601000,0.706000,0.321000,0.450000,11.000000
F,0.610000,0.495000,0.190000,1.213000,0.464000,0.306000,0.365000,15.000000
I,0.300000,0.220000,0.080000,0.121000,0.047500,0.042000,0.035000,5.000000
M,0.355000,0.290000,0.090000,0.327500,0.134000,0.086000,0.090000,9.000000
M,0.535000,0.420000,0.160000,0.746500,0.348000,0.151500,0.218500,10.000000
F,0.655000,0.515000,0.180000,1.412000,0.619500,0.248500,0.497000,11.000000
M,0.490000,0.385000,0.125000,0.649000,0.320000,0.124000,0.169500,8.000000
M,0.610000,0.470000,0.160000,1.022000,0.449000,0.234500,0.294500,9.000000
M,0.715000,0.520000,0.180000,1.600000,0.708000,0.352500,0.445000,12.000000
M,0.500000,0.385000,0.135000,0.551000,0.224500,0.071500,0.206000,11.000000
M,0.460000,0.350000,0.125000,0.516500,0.188500,0.114500,0.185000,9.000000
M,0.595000,0.475000,0.140000,1.030500,0.492500,0.217000,0.278000,10.000000
I,0.395000,0.295000,0.100000,0.293000,0.140000,0.062000,0.082000,7.000000
M,0.555000,0.400000,0.130000,0.707500,0.332000,0.158500,0.180000,7.000000
F,0.475000,0.375000,0.140000,0.501000,0.192000,0.117500,0.175000,13.000000
I,0.420000,0.325000,0.100000,0.368000,0.167500,0.062500,0.113500,11.000000
M,0.630000,0.530000,0.180000,1.279500,0.618000,0.256000,0.315000,9.000000
F,0.645000,0.520000,0.190000,1.310500,0.580000,0.288000,0.370000,12.000000
F,0.615000,0.495000,0.165000,1.198000,0.541500,0.286500,0.318500,10.000000
M,0.535000,0.435000,0.140000,0.874000,0.373500,0.229000,0.219500,8.000000
M,0.705000,0.560000,0.165000,1.675000,0.797000,0.409500,0.388000,10.000000
F,0.650000,0.490000,0.155000,1.122000,0.545000,0.228000,0.305500,9.000000
F,0.680000,0.515000,0.175000,1.618500,0.512500,0.409000,0.620000,12.000000
I,0.435000,0.325000,0.100000,0.366000,0.174000,0.072500,0.109000,7.000000
I,0.580000,0.460000,0.140000,0.829500,0.391500,0.165000,0.238000,10.000000
M,0.515000,0.395000,0.135000,1.007000,0.472000,0.249500,0.252000,8.000000
F,0.600000,0.465000,0.165000,0.887500,0.309000,0.246000,0.262000,12.000000
M,0.480000,0.380000,0.135000,0.528000,0.200000,0.139500,0.160000,14.000000
M,0.635000,0.495000,0.150000,1.081000,0.482500,0.242000,0.310000,11.000000
I,0.375000,0.285000,0.090000,0.237000,0.106000,0.039500,0.080000,8.000000
M,0.585000,0.465000,0.190000,1.171000,0.390500,0.235500,0.400000,17.000000
F,0.555000,0.425000,0.140000,0.788000,0.282000,0.159500,0.285000,11.000000
I,0.575000,0.450000,0.145000,0.872000,0.467500,0.180000,0.217000,9.000000
F,0.680000,0.550000,0.190000,1.807000,0.822500,0.365500,0.515000,11.000000
F,0.570000,0.435000,0.140000,0.808500,0.323500,0.183000,0.220000,16.000000
M,0.600000,0.450000,0.195000,1.340000,0.617000,0.325500,0.360500,10.000000
M,0.560000,0.415000,0.130000,0.761500,0.369500,0.170000,0.195500,8.000000
M,0.615000,0.470000,0.150000,1.087500,0.497500,0.283000,0.268500,9.000000
I,0.435000,0.325000,0.120000,0.346000,0.159000,0.084000,0.095000,7.000000
M,0.630000,0.485000,0.165000,1.233000,0.656500,0.231500,0.303500,10.000000
F,0.515000,0.390000,0.130000,0.575500,0.197500,0.130000,0.184500,9.000000
I,0.170000,0.130000,0.095000,0.030000,0.013000,0.008000,0.010000,4.000000
M,0.580000,0.450000,0.140000,1.013000,0.380000,0.216000,0.360000,14.000000
F,0.600000,0.460000,0.150000,1.235000,0.602500,0.274000,0.290000,8.000000
I,0.245000,0.180000,0.065000,0.071000,0.030000,0.013000,0.021500,4.000000
F,0.500000,0.400000,0.165000,0.710500,0.270000,0.145500,0.225000,20.000000
M,0.575000,0.450000,0.135000,0.921500,0.354000,0.209000,0.236500,9.000000
I,0.500000,0.390000,0.120000,0.595500,0.245500,0.147000,0.173000,8.000000
F,0.690000,0.550000,0.200000,1.569000,0.687000,0.367500,0.460000,12.000000
I,0.220000,0.165000,0.055000,0.054500,0.021500,0.012000,0.020000,5.000000
F,0.605000,0.485000,0.160000,1.201000,0.417000,0.287500,0.380000,9.000000
F,0.630000,0.485000,0.190000,1.243500,0.463500,0.305500,0.390000,21.000000
I,0.465000,0.355000,0.090000,0.432500,0.200500,0.074000,0.127500,9.000000
F,0.610000,0.470000,0.160000,1.074500,0.492500,0.236000,0.290000,8.000000
F,0.635000,0.505000,0.185000,1.303500,0.501000,0.295000,0.410000,17.000000
F,0.655000,0.510000,0.155000,1.289500,0.534500,0.285500,0.410000,11.000000
F,0.630000,0.510000,0.185000,1.235000,0.511500,0.349000,0.306500,11.000000
M,0.550000,0.450000,0.170000,0.810000,0.317000,0.157000,0.220000,11.000000
M,0.580000,0.460000,0.180000,1.145000,0.480000,0.277000,0.325000,11.000000
I,0.400000,0.290000,0.110000,0.329000,0.188000,0.045500,0.082500,6.000000
F,0.595000,0.465000,0.155000,1.026000,0.464500,0.112000,0.305000,12.000000
I,0.375000,0.275000,0.090000,0.238000,0.107500,0.054500,0.070000,6.000000
I,0.575000,0.450000,0.150000,0.858000,0.449000,0.166000,0.215000,10.000000
F,0.550000,0.445000,0.155000,0.990500,0.544000,0.178000,0.218000,9.000000
F,0.720000,0.565000,0.170000,1.613000,0.723000,0.325500,0.494500,12.000000
M,0.585000,0.430000,0.160000,0.955000,0.362500,0.176000,0.270000,11.000000
M,0.590000,0.465000,0.155000,1.136000,0.524500,0.261500,0.275000,11.000000
I,0.655000,0.515000,0.145000,1.250000,0.526500,0.283000,0.315000,15.000000
M,0.285000,0.215000,0.075000,0.106000,0.041500,0.023000,0.035000,5.000000
I,0.495000,0.400000,0.105000,0.602000,0.250500,0.126500,0.190000,8.000000
F,0.675000,0.510000,0.195000,1.382000,0.604500,0.317500,0.396500,10.000000
M,0.205000,0.155000,0.045000,0.042500,0.017000,0.005500,0.015500,7.000000
F,0.620000,0.480000,0.165000,1.012500,0.532500,0.436500,0.324000,10.000000
F,0.545000,0.430000,0.160000,0.844000,0.394500,0.185500,0.231000,9.000000
I,0.500000,0.380000,0.110000,0.494000,0.218000,0.090000,0.132500,7.000000
I,0.385000,0.300000,0.095000,0.302000,0.152000,0.061500,0.073500,7.000000
F,0.495000,0.400000,0.155000,0.644500,0.242000,0.132500,0.205000,17.000000
I,0.480000,0.370000,0.120000,0.514000,0.207500,0.131000,0.155000,13.000000
I,0.320000,0.235000,0.090000,0.183000,0.098000,0.033500,0.042000,7.000000
F,0.465000,0.375000,0.135000,0.600000,0.222500,0.129000,0.230000,16.000000
I,0.500000,0.385000,0.155000,0.762000,0.379500,0.161000,0.190000,14.000000
I,0.410000,0.310000,0.090000,0.333500,0.163500,0.061000,0.091000,6.000000
F,0.470000,0.360000,0.130000,0.472000,0.182000,0.114000,0.150000,10.000000
I,0.255000,0.190000,0.075000,0.086500,0.034500,0.020500,0.025000,5.000000
I,0.440000,0.340000,0.100000,0.379000,0.172500,0.081500,0.101000,7.000000
F,0.660000,0.525000,0.205000,1.366500,0.500500,0.291000,0.410000,18.000000
M,0.575000,0.475000,0.160000,1.114000,0.495500,0.274500,0.290000,9.000000
M,0.590000,0.460000,0.140000,1.004000,0.496000,0.216500,0.260000,9.000000
M,0.465000,0.360000,0.105000,0.488000,0.188000,0.084500,0.190000,10.000000
I,0.330000,0.265000,0.085000,0.196000,0.077500,0.030500,0.044500,6.000000
M,0.570000,0.435000,0.125000,0.896500,0.383000,0.183500,0.275000,9.000000
I,0.210000,0.150000,0.055000,0.045500,0.020000,0.006500,0.013000,4.000000
I,0.520000,0.390000,0.140000,0.732500,0.241500,0.144000,0.260000,19.000000
F,0.745000,0.585000,0.190000,1.966000,0.843500,0.437000,0.585500,18.000000
F,0.665000,0.500000,0.175000,1.742000,0.595000,0.302500,0.725000,21.000000
M,0.275000,0.205000,0.070000,0.094000,0.033500,0.020000,0.032500,5.000000
F,0.660000,0.500000,0.165000,1.190500,0.458500,0.298000,0.370000,12.000000
I,0.360000,0.260000,0.090000,0.178500,0.064500,0.037000,0.075000,7.000000
I,0.405000,0.300000,0.110000,0.320000,0.172000,0.044000,0.093000,7.000000
F,0.670000,0.515000,0.170000,1.426500,0.660500,0.339500,0.370000,11.000000
M,0.650000,0.525000,0.190000,1.499500,0.626500,0.400500,0.395000,14.000000
M,0.655000,0.510000,0.215000,1.783500,0.888500,0.409500,0.419500,11.000000
F,0.490000,0.370000,0.105000,0.526500,0.249000,0.100500,0.148000,7.000000
F,0.610000,0.475000,0.160000,1.115500,0.383500,0.223000,0.379000,10.000000
M,0.630000,0.480000,0.165000,1.286000,0.604000,0.271000,0.350000,8.000000
F,0.500000,0.385000,0.105000,0.498000,0.179500,0.109500,0.170000,17.000000
M,0.485000,0.390000,0.120000,0.599000,0.251000,0.134500,0.169000,8.000000
I,0.475000,0.355000,0.105000,0.468000,0.201000,0.111500,0.120000,8.000000
F,0.750000,0.570000,0.210000,2.236000,1.109000,0.519500,0.545000,11.000000
F,0.550000,0.425000,0.135000,0.851500,0.362000,0.196000,0.270000,14.000000
M,0.525000,0.380000,0.125000,0.650000,0.303000,0.155000,0.159000,7.000000
I,0.170000,0.105000,0.035000,0.034000,0.012000,0.008500,0.005000,4.000000
M,0.525000,0.435000,0.155000,1.065000,0.486000,0.233000,0.285000,8.000000
F,0.745000,0.570000,0.215000,2.250000,1.156500,0.446000,0.558000,9.000000
M,0.570000,0.450000,0.135000,1.020000,0.546000,0.204000,0.250000,9.000000
F,0.515000,0.425000,0.135000,0.712000,0.266500,0.160500,0.250000,11.000000
F,0.445000,0.335000,0.110000,0.435500,0.202500,0.109500,0.119500,6.000000
M,0.465000,0.350000,0.120000,0.520500,0.201500,0.162500,0.185000,11.000000
F,0.465000,0.350000,0.110000,0.408500,0.165000,0.102000,0.131000,8.000000
M,0.350000,0.260000,0.090000,0.198000,0.072500,0.056000,0.060000,10.000000
F,0.485000,0.395000,0.160000,0.660000,0.247500,0.128000,0.235000,14.000000
I,0.215000,0.165000,0.055000,0.059000,0.026500,0.012500,0.018500,5.000000
I,0.555000,0.425000,0.145000,0.790500,0.348500,0.176500,0.225000,9.000000
M,0.630000,0.505000,0.155000,1.105000,0.492000,0.226000,0.325000,11.000000
I,0.270000,0.190000,0.080000,0.081000,0.026500,0.019500,0.030000,6.000000
M,0.585000,0.470000,0.165000,1.409000,0.800000,0.229000,0.295000,10.000000
F,0.555000,0.425000,0.140000,0.963000,0.440000,0.224000,0.240000,7.000000
F,0.575000,0.480000,0.150000,0.874500,0.375000,0.193000,0.290000,12.000000
I,0.245000,0.205000,0.060000,0.076500,0.034000,0.014000,0.021500,4.000000
M,0.650000,0.525000,0.175000,1.471500,0.675000,0.315000,0.399000,11.000000
I,0.500000,0.390000,0.125000,0.583000,0.294000,0.132000,0.160500,8.000000
I,0.475000,0.380000,0.120000,0.441000,0.178500,0.088500,0.150500,8.000000
F,0.615000,0.480000,0.160000,1.252500,0.585000,0.259500,0.330000,8.000000
M,0.600000,0.460000,0.150000,1.247000,0.533500,0.273500,0.290000,9.000000
F,0.545000,0.435000,0.150000,0.685500,0.290500,0.145000,0.225000,10.000000
F,0.675000,0.530000,0.175000,1.446500,0.677500,0.330000,0.389000,10.000000
M,0.650000,0.510000,0.175000,1.155000,0.495500,0.202500,0.385000,12.000000
F,0.490000,0.400000,0.115000,0.569000,0.256000,0.132500,0.145000,9.000000
I,0.495000,0.380000,0.145000,0.500000,0.205000,0.148000,0.150500,8.000000
M,0.550000,0.460000,0.130000,0.708500,0.305000,0.145500,0.205000,12.000000
F,0.620000,0.485000,0.165000,1.166000,0.483000,0.238000,0.355000,13.000000
F,0.545000,0.410000,0.115000,0.676500,0.290000,0.158000,0.220000,9.000000
F,0.675000,0.545000,0.195000,1.734500,0.684500,0.369500,0.605000,20.000000
F,0.660000,0.475000,0.180000,1.369500,0.641000,0.294000,0.335000,6.000000
I,0.505000,0.385000,0.120000,0.600500,0.239000,0.142000,0.185000,7.000000
M,0.755000,0.580000,0.205000,2.006500,0.829500,0.401500,0.595000,10.000000
M,0.415000,0.315000,0.120000,0.401500,0.199000,0.087000,0.097000,8.000000
M,0.630000,0.510000,0.170000,1.188500,0.491500,0.306500,0.348000,7.000000
I,0.455000,0.360000,0.115000,0.457000,0.208500,0.085500,0.147000,10.000000
F,0.565000,0.440000,0.160000,0.915000,0.354000,0.193500,0.320000,12.000000
F,0.550000,0.415000,0.135000,0.763500,0.318000,0.210000,0.200000,9.000000
F,0.595000,0.480000,0.150000,1.110000,0.498000,0.228000,0.330000,10.000000
F,0.660000,0.500000,0.155000,1.376500,0.648500,0.288000,0.335000,12.000000
M,0.525000,0.420000,0.155000,0.842000,0.428000,0.141500,0.204500,9.000000
F,0.615000,0.475000,0.155000,1.115000,0.484000,0.211500,0.355000,10.000000
F,0.525000,0.430000,0.135000,0.843500,0.432500,0.180000,0.181500,9.000000
M,0.630000,0.490000,0.155000,1.229000,0.535000,0.290000,0.335000,11.000000
I,0.420000,0.320000,0.100000,0.340000,0.174500,0.050000,0.094500,8.000000
I,0.660000,0.525000,0.180000,1.693500,0.602500,0.400500,0.420000,15.000000
F,0.465000,0.390000,0.140000,0.555500,0.213000,0.107500,0.215000,15.000000
I,0.360000,0.275000,0.095000,0.217000,0.084000,0.043500,0.090000,7.000000
F,0.580000,0.440000,0.175000,1.073000,0.400500,0.234500,0.335000,19.000000
I,0.365000,0.275000,0.090000,0.234500,0.108000,0.051000,0.062500,7.000000
M,0.590000,0.460000,0.130000,1.102000,0.455000,0.205500,0.330000,12.000000
I,0.395000,0.290000,0.095000,0.304000,0.127000,0.084000,0.077000,6.000000
I,0.520000,0.400000,0.110000,0.597000,0.293500,0.115500,0.160000,8.000000
F,0.455000,0.350000,0.125000,0.448500,0.158500,0.102000,0.133500,16.000000
F,0.550000,0.425000,0.140000,0.952000,0.489500,0.194500,0.218500,7.000000
M,0.550000,0.450000,0.130000,0.920000,0.378000,0.238500,0.290000,11.000000
F,0.605000,0.470000,0.160000,1.083500,0.540500,0.221500,0.275000,12.000000
I,0.345000,0.285000,0.100000,0.222500,0.086500,0.058000,0.075000,8.000000
M,0.475000,0.375000,0.125000,0.593000,0.277000,0.115000,0.180000,10.000000
I,0.550000,0.435000,0.140000,0.753500,0.328500,0.155500,0.232500,10.000000
M,0.550000,0.435000,0.110000,0.806000,0.341500,0.203000,0.215000,9.000000
M,0.490000,0.390000,0.140000,0.707000,0.279500,0.218500,0.180000,13.000000
F,0.580000,0.455000,0.155000,0.836500,0.315000,0.138500,0.320000,18.000000
F,0.405000,0.310000,0.120000,0.309500,0.138000,0.058000,0.095000,13.000000
I,0.270000,0.200000,0.070000,0.100000,0.034000,0.024500,0.035000,5.000000
M,0.610000,0.480000,0.165000,1.244000,0.634500,0.257000,0.305000,12.000000
M,0.650000,0.515000,0.185000,1.374500,0.750000,0.180500,0.369000,12.000000
I,0.385000,0.290000,0.095000,0.312000,0.143000,0.063500,0.086000,6.000000
I,0.475000,0.355000,0.115000,0.519500,0.279000,0.088000,0.132500,7.000000
F,0.525000,0.430000,0.125000,0.813000,0.331500,0.166000,0.177500,12.000000
M,0.630000,0.470000,0.155000,1.132500,0.589000,0.211000,0.287000,8.000000
F,0.570000,0.465000,0.180000,0.999500,0.405000,0.277000,0.295000,16.000000
M,0.645000,0.530000,0.195000,1.390000,0.646500,0.294500,0.373500,10.000000
M,0.575000,0.440000,0.185000,1.025000,0.507500,0.224500,0.248500,10.000000
M,0.535000,0.420000,0.125000,0.764000,0.312000,0.150500,0.265000,11.000000
I,0.500000,0.410000,0.140000,0.661500,0.258500,0.162500,0.196000,9.000000
I,0.660000,0.525000,0.215000,1.786000,0.672500,0.361500,0.406500,11.000000
I,0.495000,0.330000,0.100000,0.440000,0.177000,0.095000,0.150000,7.000000
F,0.665000,0.530000,0.185000,1.395500,0.456000,0.320500,0.490000,15.000000
M,0.400000,0.290000,0.115000,0.279500,0.111500,0.057500,0.075000,9.000000
I,0.275000,0.200000,0.055000,0.092500,0.038000,0.021000,0.026000,4.000000
M,0.530000,0.415000,0.175000,0.739500,0.261000,0.139500,0.264500,17.000000
F,0.605000,0.475000,0.175000,1.076000,0.463000,0.219500,0.335000,9.000000
I,0.540000,0.420000,0.140000,0.627500,0.250500,0.117500,0.235000,9.000000
M,0.625000,0.480000,0.175000,1.065000,0.486500,0.259000,0.285000,10.000000
M,0.470000,0.370000,0.135000,0.547000,0.222000,0.132500,0.170000,12.000000
F,0.570000,0.450000,0.170000,1.098000,0.414000,0.187000,0.405000,20.000000
F,0.470000,0.365000,0.120000,0.543000,0.229500,0.149500,0.150000,9.000000
I,0.420000,0.320000,0.110000,0.362500,0.174000,0.063500,0.105000,7.000000
F,0.560000,0.455000,0.125000,0.943000,0.344000,0.129000,0.375000,21.000000
I,0.525000,0.405000,0.145000,0.696500,0.304500,0.153500,0.210000,8.000000
F,0.530000,0.420000,0.170000,0.828000,0.410000,0.208000,0.150500,6.000000
F,0.625000,0.490000,0.190000,1.701500,0.746500,0.410500,0.385500,11.000000
I,0.410000,0.300000,0.090000,0.280000,0.141000,0.057500,0.075000,8.000000
I,0.390000,0.300000,0.095000,0.326500,0.166500,0.057500,0.089000,7.000000
F,0.570000,0.465000,0.160000,0.893500,0.314500,0.257500,0.263000,10.000000
F,0.675000,0.525000,0.170000,1.711000,0.836500,0.352000,0.475000,9.000000
F,0.635000,0.490000,0.155000,1.145000,0.477500,0.303500,0.315500,9.000000
I,0.430000,0.340000,0.110000,0.364500,0.159000,0.085500,0.105000,7.000000
M,0.605000,0.490000,0.145000,1.300000,0.517000,0.328500,0.310000,14.000000
M,0.635000,0.500000,0.180000,1.154000,0.440500,0.231500,0.387000,9.000000
M,0.415000,0.305000,0.100000,0.325000,0.156000,0.050500,0.091000,6.000000
F,0.620000,0.500000,0.175000,1.107000,0.489500,0.240000,0.343000,11.000000
M,0.655000,0.550000,0.180000,1.274000,0.586000,0.281000,0.365000,10.000000
F,0.455000,0.360000,0.110000,0.438500,0.206000,0.098000,0.125000,10.000000
M,0.680000,0.530000,0.205000,1.496000,0.582500,0.337000,0.465000,14.000000
M,0.565000,0.455000,0.170000,0.906500,0.342000,0.156000,0.320000,18.000000
I,0.450000,0.350000,0.125000,0.477500,0.223500,0.089000,0.118000,6.000000
M,0.415000,0.325000,0.140000,0.417000,0.153500,0.101500,0.144000,10.000000
M,0.385000,0.305000,0.090000,0.277500,0.109000,0.051500,0.100000,9.000000
F,0.675000,0.530000,0.195000,1.498500,0.620000,0.375000,0.425000,9.000000
I,0.370000,0.275000,0.100000,0.220000,0.094000,0.045000,0.065000,7.000000
M,0.610000,0.470000,0.165000,1.052000,0.498000,0.242000,0.267000,9.000000
M,0.515000,0.350000,0.155000,0.922500,0.418500,0.198000,0.273000,9.000000
F,0.505000,0.410000,0.150000,0.644000,0.285000,0.145000,0.210000,11.000000
I,0.330000,0.265000,0.090000,0.180000,0.068000,0.036000,0.060000,6.000000
F,0.730000,0.550000,0.205000,1.908000,0.541500,0.356500,0.596500,14.000000
I,0.515000,0.400000,0.125000,0.592500,0.265000,0.117500,0.168000,9.000000
F,0.680000,0.550000,0.200000,1.596000,0.525000,0.407500,0.585000,21.000000
M,0.620000,0.465000,0.190000,1.341500,0.570500,0.317500,0.355000,11.000000
M,0.440000,0.375000,0.130000,0.487000,0.226000,0.096500,0.155000,9.000000
I,0.250000,0.180000,0.065000,0.080500,0.034500,0.018500,0.021500,4.000000
I,0.230000,0.170000,0.050000,0.057000,0.026000,0.013000,0.016000,5.000000
F,0.570000,0.460000,0.135000,0.979500,0.397000,0.252500,0.265500,9.000000
M,0.570000,0.405000,0.160000,0.924500,0.344500,0.218500,0.295000,19.000000
M,0.735000,0.585000,0.185000,2.124000,0.952000,0.550000,0.500000,11.000000
I,0.420000,0.325000,0.115000,0.314000,0.129500,0.063500,0.100000,8.000000
F,0.545000,0.420000,0.175000,0.754000,0.256000,0.177500,0.275000,10.000000
M,0.615000,0.475000,0.170000,1.129000,0.479500,0.302000,0.300000,10.000000
M,0.595000,0.470000,0.175000,0.991000,0.382000,0.239500,0.500000,12.000000
F,0.605000,0.480000,0.150000,1.079000,0.450500,0.283500,0.293000,10.000000
I,0.530000,0.400000,0.145000,0.555000,0.193500,0.130500,0.195000,9.000000
M,0.625000,0.470000,0.170000,1.166500,0.460500,0.256500,0.394500,11.000000
M,0.635000,0.525000,0.160000,1.195000,0.543500,0.246000,0.335000,12.000000
F,0.550000,0.430000,0.140000,0.840000,0.375000,0.218000,0.194500,8.000000
I,0.425000,0.325000,0.110000,0.333500,0.173000,0.045000,0.100000,7.000000
I,0.575000,0.430000,0.130000,0.742500,0.289500,0.200500,0.220000,8.000000
F,0.625000,0.475000,0.130000,0.859500,0.319500,0.177500,0.240000,13.000000
F,0.375000,0.295000,0.110000,0.300500,0.125500,0.057500,0.103500,7.000000
M,0.445000,0.350000,0.140000,0.590500,0.202500,0.158000,0.190000,14.000000
I,0.200000,0.145000,0.050000,0.036000,0.012500,0.008000,0.011000,4.000000
I,0.200000,0.150000,0.040000,0.046000,0.021000,0.007000,0.006500,4.000000
F,0.530000,0.405000,0.130000,0.635500,0.263500,0.156500,0.185000,9.000000
M,0.560000,0.450000,0.185000,1.070000,0.380500,0.175000,0.410000,19.000000
M,0.515000,0.380000,0.175000,0.956500,0.325000,0.158000,0.310000,14.000000
M,0.505000,0.405000,0.110000,0.625000,0.305000,0.160000,0.175000,9.000000
I,0.275000,0.205000,0.075000,0.110500,0.045000,0.028500,0.035000,6.000000
I,0.525000,0.400000,0.140000,0.695500,0.240500,0.160000,0.253000,10.000000
F,0.585000,0.450000,0.170000,0.868500,0.332500,0.163500,0.270000,22.000000
F,0.455000,0.365000,0.115000,0.430500,0.184000,0.108000,0.124500,8.000000
I,0.375000,0.275000,0.090000,0.218000,0.093000,0.040500,0.075500,6.000000
F,0.610000,0.480000,0.175000,1.067500,0.391000,0.216000,0.420000,15.000000
I,0.435000,0.335000,0.110000,0.334000,0.135500,0.077500,0.096500,7.000000
I,0.580000,0.445000,0.150000,0.886500,0.383000,0.209000,0.255000,11.000000
M,0.650000,0.485000,0.160000,1.739500,0.571500,0.278500,0.307500,10.000000
I,0.250000,0.175000,0.060000,0.063500,0.027500,0.008000,0.020000,4.000000
M,0.515000,0.455000,0.135000,0.722500,0.295000,0.162500,0.235000,9.000000
F,0.335000,0.220000,0.070000,0.170000,0.076000,0.036500,0.050000,6.000000
F,0.625000,0.470000,0.170000,1.255000,0.525000,0.241500,0.405000,10.000000
I,0.470000,0.345000,0.140000,0.461500,0.229000,0.110500,0.116000,9.000000
F,0.620000,0.510000,0.180000,1.233000,0.592000,0.274000,0.322000,10.000000
F,0.530000,0.410000,0.145000,0.825500,0.375000,0.204000,0.245000,9.000000
F,0.725000,0.560000,0.185000,1.792000,0.873000,0.367000,0.435000,11.000000
F,0.695000,0.560000,0.220000,1.834000,0.845500,0.422000,0.455000,11.000000
I,0.160000,0.120000,0.035000,0.021000,0.007500,0.004500,0.005000,5.000000
F,0.465000,0.350000,0.135000,0.626500,0.259000,0.144500,0.175000,8.000000
F,0.630000,0.495000,0.165000,1.307500,0.599000,0.284000,0.315000,11.000000
F,0.590000,0.470000,0.170000,0.900000,0.355000,0.190500,0.250000,11.000000
F,0.525000,0.430000,0.165000,0.717000,0.289000,0.174500,0.195000,10.000000
M,0.645000,0.500000,0.175000,1.338500,0.633000,0.299000,0.349000,11.000000
I,0.375000,0.280000,0.080000,0.216500,0.093500,0.092500,0.070000,7.000000
I,0.550000,0.445000,0.125000,0.672000,0.288000,0.136500,0.210000,11.000000
M,0.610000,0.490000,0.150000,1.103000,0.425000,0.202500,0.360000,23.000000
M,0.600000,0.475000,0.190000,1.087500,0.403000,0.265500,0.325000,14.000000
F,0.610000,0.470000,0.195000,1.273500,0.469000,0.331500,0.398000,12.000000
M,0.605000,0.455000,0.160000,1.121500,0.533000,0.273000,0.271000,10.000000
F,0.480000,0.365000,0.135000,0.639500,0.294500,0.113000,0.175000,8.000000
I,0.470000,0.355000,0.180000,0.480000,0.205500,0.105000,0.150500,8.000000
M,0.535000,0.430000,0.140000,0.716500,0.285500,0.159500,0.215500,8.000000
I,0.550000,0.420000,0.130000,0.636000,0.294000,0.144000,0.175500,8.000000
F,0.415000,0.305000,0.105000,0.360500,0.120000,0.082000,0.100000,10.000000
I,0.545000,0.405000,0.130000,0.658000,0.327000,0.144500,0.174000,8.000000
M,0.625000,0.505000,0.215000,1.445500,0.496000,0.287000,0.435000,22.000000
M,0.770000,0.605000,0.175000,2.050500,0.800500,0.526000,0.355000,11.000000
M,0.505000,0.400000,0.125000,0.770000,0.273500,0.159000,0.255000,13.000000
I,0.415000,0.320000,0.110000,0.373500,0.175000,0.075500,0.109000,7.000000
M,0.565000,0.435000,0.185000,1.032000,0.354000,0.204500,0.310000,20.000000
M,0.590000,0.470000,0.180000,1.187000,0.598500,0.227000,0.310000,9.000000
I,0.585000,0.450000,0.135000,0.855000,0.379500,0.187000,0.260000,9.000000
I,0.635000,0.480000,0.200000,1.365500,0.625500,0.259500,0.425000,16.000000
M,0.620000,0.480000,0.150000,1.266000,0.628500,0.257500,0.309000,12.000000
I,0.510000,0.395000,0.105000,0.552500,0.234000,0.127000,0.165000,8.000000
M,0.620000,0.480000,0.155000,1.255500,0.527000,0.374000,0.317500,11.000000
M,0.580000,0.450000,0.155000,0.827500,0.321000,0.197500,0.244500,8.000000
F,0.580000,0.445000,0.145000,0.888000,0.410000,0.181500,0.242500,8.000000
M,0.480000,0.375000,0.145000,0.777000,0.216000,0.130000,0.170000,9.000000
M,0.430000,0.335000,0.120000,0.397000,0.198500,0.086500,0.103500,7.000000
F,0.600000,0.480000,0.180000,1.064500,0.449500,0.245500,0.325000,10.000000
F,0.605000,0.505000,0.180000,1.434000,0.728500,0.264000,0.431000,11.000000
I,0.330000,0.250000,0.095000,0.208500,0.102000,0.039500,0.052000,7.000000
M,0.650000,0.495000,0.180000,1.793000,0.800500,0.339000,0.530000,14.000000
F,0.500000,0.375000,0.115000,0.594500,0.185000,0.148000,0.190000,11.000000
F,0.505000,0.390000,0.125000,0.544500,0.246000,0.150000,0.140500,7.000000
I,0.490000,0.390000,0.120000,0.511000,0.220500,0.103000,0.174500,9.000000
M,0.560000,0.450000,0.145000,0.894000,0.388500,0.209500,0.264000,9.000000
M,0.550000,0.425000,0.160000,0.970000,0.288500,0.139000,0.480000,20.000000
I,0.290000,0.225000,0.075000,0.152000,0.071000,0.059000,0.045000,9.000000
M,0.620000,0.495000,0.180000,1.255500,0.576500,0.254000,0.355000,12.000000
F,0.510000,0.340000,0.180000,0.700500,0.312000,0.165000,0.200000,11.000000
F,0.655000,0.520000,0.200000,1.547500,0.713000,0.314000,0.466000,9.000000
I,0.530000,0.420000,0.130000,0.658000,0.296000,0.124500,0.198000,8.000000
F,0.480000,0.405000,0.130000,0.637500,0.277000,0.144500,0.210000,10.000000
M,0.505000,0.390000,0.120000,0.653000,0.331500,0.138500,0.167000,9.000000
M,0.610000,0.500000,0.165000,1.271500,0.491500,0.185000,0.490000,12.000000
I,0.570000,0.445000,0.145000,0.740500,0.306000,0.172000,0.182500,12.000000
F,0.755000,0.575000,0.200000,2.073000,1.013500,0.465500,0.480000,11.000000
I,0.420000,0.310000,0.100000,0.280500,0.112500,0.061500,0.092500,8.000000
F,0.530000,0.410000,0.165000,0.811500,0.240000,0.169000,0.240000,19.000000
I,0.430000,0.320000,0.110000,0.367500,0.167500,0.102000,0.105000,8.000000
F,0.740000,0.575000,0.220000,2.012000,0.891500,0.526500,0.471000,12.000000
F,0.570000,0.450000,0.165000,0.903000,0.330500,0.184500,0.295000,14.000000
I,0.350000,0.260000,0.085000,0.174000,0.070500,0.034500,0.060000,10.000000
M,0.500000,0.410000,0.150000,0.662000,0.281500,0.137000,0.220000,11.000000
I,0.565000,0.435000,0.155000,0.782000,0.271500,0.168000,0.285000,14.000000
F,0.650000,0.520000,0.195000,1.281000,0.598500,0.246000,0.382500,10.000000
I,0.295000,0.210000,0.080000,0.100000,0.038000,0.026000,0.031000,8.000000
M,0.660000,0.545000,0.185000,1.320000,0.530500,0.263500,0.455000,16.000000
I,0.405000,0.305000,0.090000,0.282500,0.114000,0.057500,0.095000,7.000000
M,0.520000,0.425000,0.125000,0.790000,0.372000,0.205000,0.190000,8.000000
M,0.475000,0.355000,0.120000,0.480000,0.234000,0.101500,0.135000,8.000000
I,0.140000,0.105000,0.035000,0.014500,0.005000,0.003500,0.005000,4.000000
M,0.515000,0.400000,0.160000,0.817500,0.251500,0.156000,0.300000,23.000000
M,0.635000,0.475000,0.170000,1.193500,0.520500,0.269500,0.366500,10.000000
I,0.245000,0.190000,0.060000,0.086000,0.042000,0.014000,0.025000,4.000000
F,0.530000,0.440000,0.135000,0.783500,0.313000,0.171500,0.218500,9.000000
M,0.605000,0.490000,0.180000,1.227000,0.480000,0.287000,0.350000,18.000000
I,0.450000,0.330000,0.110000,0.368500,0.160000,0.088500,0.102000,6.000000
M,0.575000,0.450000,0.155000,0.976500,0.495000,0.214500,0.235000,9.000000
M,0.555000,0.450000,0.175000,0.874000,0.327500,0.202000,0.305000,10.000000
I,0.400000,0.290000,0.100000,0.258000,0.104000,0.059000,0.081500,7.000000
M,0.765000,0.585000,0.180000,2.398000,1.128000,0.512000,0.533500,12.000000
F,0.580000,0.435000,0.140000,0.953000,0.475000,0.216500,0.209500,9.000000
F,0.630000,0.490000,0.170000,1.215500,0.462500,0.204500,0.310500,10.000000
I,0.480000,0.355000,0.125000,0.494000,0.238500,0.083500,0.150000,9.000000
F,0.600000,0.485000,0.145000,0.776000,0.354500,0.158500,0.239000,9.000000
F,0.610000,0.485000,0.165000,1.087000,0.425500,0.232000,0.380000,11.000000
M,0.265000,0.200000,0.065000,0.084000,0.034000,0.010500,0.030000,7.000000
M,0.625000,0.480000,0.180000,1.223000,0.565000,0.297500,0.337500,10.000000
F,0.535000,0.435000,0.160000,0.810500,0.315500,0.179500,0.240000,10.000000
M,0.620000,0.485000,0.155000,1.049000,0.462000,0.231000,0.250000,10.000000
F,0.545000,0.415000,0.160000,0.771500,0.272000,0.145500,0.276500,10.000000
I,0.520000,0.410000,0.140000,0.662500,0.277500,0.155500,0.196000,11.000000
I,0.320000,0.240000,0.070000,0.133000,0.058500,0.025500,0.041000,6.000000
F,0.520000,0.460000,0.150000,1.019000,0.523000,0.198500,0.254000,7.000000
F,0.490000,0.370000,0.115000,0.541000,0.171000,0.117500,0.185000,11.000000
M,0.600000,0.475000,0.170000,1.131500,0.508000,0.272000,0.309000,10.000000
M,0.610000,0.475000,0.155000,1.168000,0.554000,0.239000,0.329500,10.000000
I,0.370000,0.280000,0.095000,0.265500,0.122000,0.052000,0.080000,7.000000
I,0.555000,0.450000,0.175000,0.738000,0.304000,0.175500,0.220000,9.000000
F,0.635000,0.510000,0.175000,1.212500,0.573500,0.261000,0.360000,14.000000
F,0.630000,0.480000,0.175000,1.367500,0.501500,0.303500,0.515000,17.000000
I,0.340000,0.250000,0.075000,0.176500,0.078500,0.040500,0.050000,7.000000
M,0.585000,0.450000,0.180000,0.799500,0.336000,0.185500,0.237000,8.000000
F,0.655000,0.510000,0.175000,1.415000,0.588500,0.372500,0.364000,10.000000
I,0.240000,0.175000,0.045000,0.070000,0.031500,0.023500,0.020000,5.000000
I,0.215000,0.170000,0.055000,0.060500,0.020500,0.014000,0.020000,6.000000
F,0.720000,0.545000,0.185000,1.718500,0.792500,0.401000,0.468000,11.000000
F,0.650000,0.545000,0.185000,1.505500,0.656500,0.341000,0.430000,10.000000
M,0.620000,0.490000,0.170000,1.210500,0.518500,0.255500,0.335000,13.000000
F,0.650000,0.500000,0.170000,1.404500,0.694000,0.318000,0.323500,11.000000
M,0.550000,0.450000,0.175000,1.098500,0.376500,0.215000,0.400000,14.000000
F,0.575000,0.460000,0.145000,0.994500,0.466000,0.229000,0.265000,7.000000
I,0.455000,0.335000,0.105000,0.405500,0.175000,0.092000,0.118500,8.000000
M,0.485000,0.355000,0.120000,0.547000,0.215000,0.161500,0.140000,10.000000
M,0.625000,0.500000,0.130000,1.082000,0.578500,0.204500,0.250000,8.000000
M,0.500000,0.370000,0.150000,1.061500,0.494000,0.223000,0.296000,9.000000
F,0.490000,0.370000,0.140000,0.585000,0.243000,0.115000,0.195000,10.000000
F,0.705000,0.550000,0.200000,1.709500,0.633000,0.411500,0.490000,13.000000
F,0.530000,0.425000,0.130000,0.758500,0.325000,0.197000,0.205000,8.000000
M,0.685000,0.510000,0.165000,1.545000,0.686000,0.377500,0.405500,10.000000
F,0.510000,0.385000,0.135000,0.632000,0.282000,0.145000,0.170000,8.000000
I,0.380000,0.285000,0.095000,0.243000,0.089500,0.066500,0.075000,7.000000
I,0.400000,0.315000,0.085000,0.267500,0.116000,0.058500,0.076500,6.000000
M,0.660000,0.515000,0.200000,1.646500,0.749000,0.422000,0.401000,11.000000
I,0.560000,0.440000,0.165000,0.800000,0.335000,0.173500,0.250000,12.000000
F,0.475000,0.390000,0.120000,0.530500,0.213500,0.115500,0.170000,10.000000
I,0.345000,0.270000,0.110000,0.213500,0.082000,0.054500,0.070000,7.000000
F,0.545000,0.430000,0.165000,0.802000,0.293500,0.183000,0.280000,11.000000
I,0.255000,0.185000,0.060000,0.088000,0.036500,0.021000,0.023000,5.000000
I,0.385000,0.290000,0.080000,0.248500,0.122000,0.049500,0.065000,7.000000
M,0.660000,0.485000,0.155000,1.227500,0.610000,0.274000,0.300000,8.000000
F,0.675000,0.535000,0.220000,1.604000,0.617500,0.425500,0.453000,14.000000
F,0.560000,0.450000,0.160000,1.023500,0.429000,0.268000,0.300000,10.000000
M,0.650000,0.525000,0.185000,1.488000,0.665000,0.337000,0.378000,11.000000
I,0.485000,0.370000,0.115000,0.637000,0.380000,0.133500,0.128000,7.000000
I,0.230000,0.180000,0.050000,0.064000,0.021500,0.013500,0.020000,5.000000
I,0.520000,0.390000,0.130000,0.554500,0.235500,0.109500,0.189500,7.000000
F,0.620000,0.480000,0.180000,1.221500,0.582000,0.269500,0.313000,12.000000
M,0.570000,0.440000,0.175000,0.941500,0.380500,0.228500,0.283000,9.000000
M,0.485000,0.370000,0.130000,0.526000,0.248500,0.105000,0.155500,6.000000
M,0.575000,0.435000,0.140000,0.845500,0.401000,0.191000,0.222000,9.000000
M,0.625000,0.480000,0.160000,1.241500,0.657500,0.262500,0.278500,9.000000
F,0.595000,0.465000,0.150000,1.100500,0.541500,0.166000,0.265000,8.000000
M,0.235000,0.160000,0.060000,0.054500,0.026500,0.009500,0.015000,4.000000
M,0.640000,0.500000,0.170000,1.454500,0.642000,0.357500,0.354000,9.000000
M,0.560000,0.415000,0.145000,0.852000,0.430000,0.188500,0.205000,8.000000
I,0.425000,0.345000,0.125000,0.425000,0.160000,0.079500,0.154000,13.000000
M,0.445000,0.320000,0.120000,0.414000,0.199000,0.090000,0.117000,7.000000
M,0.710000,0.555000,0.175000,2.140000,1.245500,0.372500,0.434000,11.000000
I,0.415000,0.325000,0.100000,0.333500,0.144500,0.071500,0.095000,7.000000
I,0.560000,0.455000,0.145000,0.974000,0.547000,0.161500,0.235000,9.000000
F,0.425000,0.335000,0.095000,0.322000,0.120500,0.061000,0.125000,10.000000
F,0.600000,0.480000,0.165000,1.134500,0.453500,0.270000,0.335000,10.000000
F,0.670000,0.540000,0.195000,1.619000,0.740000,0.330500,0.465000,11.000000
I,0.265000,0.195000,0.055000,0.084000,0.036500,0.017500,0.025000,7.000000
I,0.570000,0.435000,0.170000,0.848000,0.400000,0.166000,0.250000,9.000000
F,0.650000,0.545000,0.165000,1.566000,0.664500,0.345500,0.415000,16.000000
F,0.465000,0.355000,0.115000,0.470500,0.195500,0.118000,0.126000,7.000000
F,0.565000,0.445000,0.155000,0.826000,0.341000,0.205500,0.247500,10.000000
F,0.605000,0.495000,0.190000,1.437000,0.469000,0.265500,0.410000,15.000000
F,0.485000,0.375000,0.145000,0.588500,0.238500,0.115500,0.190000,13.000000
I,0.185000,0.135000,0.045000,0.032000,0.011000,0.006500,0.010000,4.000000
M,0.590000,0.475000,0.165000,1.077000,0.454500,0.244000,0.309500,9.000000
I,0.365000,0.270000,0.085000,0.187500,0.081000,0.042000,0.058000,6.000000
F,0.550000,0.415000,0.135000,0.814500,0.427000,0.185500,0.175000,8.000000
M,0.605000,0.490000,0.140000,0.975500,0.419000,0.206000,0.315000,10.000000
F,0.650000,0.495000,0.155000,1.337000,0.615000,0.319500,0.335000,9.000000
F,0.455000,0.350000,0.140000,0.572500,0.196500,0.132500,0.175000,10.000000
M,0.380000,0.290000,0.120000,0.283000,0.117500,0.065500,0.085000,9.000000
M,0.550000,0.450000,0.150000,1.014500,0.407000,0.201500,0.287500,10.000000
I,0.515000,0.390000,0.140000,0.555500,0.200000,0.113500,0.223500,12.000000
I,0.590000,0.460000,0.145000,0.901500,0.419000,0.178500,0.260000,11.000000
M,0.590000,0.450000,0.185000,1.283000,0.473000,0.276000,0.425000,16.000000
M,0.385000,0.275000,0.115000,0.268500,0.097500,0.082500,0.085000,8.000000
M,0.600000,0.495000,0.175000,1.300500,0.619500,0.284000,0.328500,11.000000
F,0.630000,0.490000,0.225000,1.336000,0.680500,0.259000,0.324500,10.000000
M,0.645000,0.480000,0.150000,1.192000,0.605500,0.259500,0.285000,9.000000
F,0.585000,0.485000,0.150000,1.079000,0.414500,0.211500,0.356000,11.000000
F,0.630000,0.500000,0.180000,1.196500,0.514000,0.232500,0.399500,8.000000
I,0.435000,0.340000,0.115000,0.392500,0.182500,0.078000,0.114500,6.000000
M,0.175000,0.125000,0.040000,0.024000,0.009500,0.006000,0.005000,4.000000
M,0.530000,0.425000,0.130000,0.702000,0.297500,0.139500,0.220000,9.000000
M,0.520000,0.450000,0.150000,0.895000,0.361500,0.186000,0.235000,14.000000
F,0.645000,0.510000,0.160000,1.241500,0.581500,0.276000,0.315000,9.000000
M,0.665000,0.540000,0.175000,1.347000,0.495500,0.254000,0.415000,17.000000
I,0.420000,0.320000,0.115000,0.376000,0.169000,0.092000,0.100000,5.000000
M,0.525000,0.400000,0.130000,0.829500,0.240500,0.182500,0.275000,11.000000
F,0.640000,0.540000,0.175000,1.571000,0.627000,0.271000,0.475000,18.000000
F,0.615000,0.480000,0.165000,1.161500,0.513000,0.301000,0.305000,10.000000
F,0.460000,0.365000,0.115000,0.448500,0.165000,0.083000,0.170000,14.000000
F,0.670000,0.540000,0.200000,1.460000,0.643500,0.328000,0.416500,9.000000
F,0.580000,0.465000,0.145000,0.986500,0.470000,0.215500,0.250000,11.000000
F,0.390000,0.300000,0.100000,0.265000,0.107500,0.060000,0.086500,13.000000
M,0.475000,0.365000,0.140000,0.617500,0.202000,0.144500,0.190000,16.000000
M,0.575000,0.455000,0.135000,0.907000,0.424500,0.197000,0.260000,9.000000
M,0.580000,0.460000,0.160000,1.063000,0.513000,0.270500,0.262500,9.000000
I,0.360000,0.270000,0.090000,0.219000,0.097000,0.040500,0.065000,6.000000
F,0.415000,0.325000,0.115000,0.345500,0.140500,0.076500,0.110000,9.000000
M,0.500000,0.420000,0.125000,0.620000,0.255000,0.150000,0.205000,11.000000
F,0.550000,0.430000,0.155000,0.785000,0.289000,0.227000,0.233000,11.000000
M,0.555000,0.435000,0.145000,0.968500,0.498500,0.168000,0.238500,9.000000
I,0.410000,0.325000,0.100000,0.394000,0.208000,0.065500,0.106000,6.000000
F,0.650000,0.505000,0.165000,1.357000,0.572500,0.281000,0.430000,11.000000
M,0.615000,0.455000,0.150000,0.933500,0.382000,0.247000,0.261500,10.000000
F,0.505000,0.410000,0.135000,0.657000,0.291000,0.133000,0.195000,15.000000
F,0.710000,0.555000,0.170000,1.470000,0.537500,0.380000,0.431000,12.000000
M,0.650000,0.525000,0.205000,1.427500,0.690000,0.306000,0.435500,13.000000
F,0.430000,0.335000,0.120000,0.444000,0.155000,0.114500,0.140000,13.000000
M,0.660000,0.530000,0.175000,1.583000,0.739500,0.350500,0.405000,10.000000
I,0.325000,0.240000,0.075000,0.152500,0.072000,0.064500,0.043000,6.000000
F,0.535000,0.405000,0.145000,0.684500,0.272500,0.171000,0.205000,10.000000
M,0.535000,0.440000,0.150000,0.676500,0.256000,0.139000,0.260000,12.000000
F,0.525000,0.410000,0.135000,0.708500,0.293000,0.152500,0.235000,11.000000
M,0.570000,0.460000,0.150000,1.037500,0.541500,0.203500,0.250000,9.000000
F,0.460000,0.350000,0.115000,0.440000,0.190000,0.102500,0.130000,8.000000
M,0.555000,0.440000,0.145000,0.850000,0.416500,0.168500,0.230000,8.000000
M,0.575000,0.470000,0.150000,0.978500,0.450500,0.196000,0.276000,9.000000
F,0.635000,0.475000,0.150000,1.184500,0.533000,0.307000,0.291000,10.000000
I,0.515000,0.420000,0.150000,0.672500,0.255500,0.133500,0.235000,10.000000
M,0.640000,0.505000,0.165000,1.443500,0.614500,0.303500,0.390000,18.000000
F,0.570000,0.445000,0.155000,1.017000,0.526500,0.202500,0.265000,10.000000
I,0.650000,0.525000,0.180000,1.626000,0.597000,0.344500,0.530000,18.000000
I,0.615000,0.490000,0.155000,0.988500,0.414500,0.195000,0.345000,13.000000
I,0.360000,0.270000,0.085000,0.196000,0.090500,0.034000,0.053000,7.000000
M,0.660000,0.515000,0.195000,1.565500,0.734500,0.353000,0.386000,9.000000
F,0.530000,0.430000,0.150000,0.741000,0.325000,0.185500,0.196000,9.000000
F,0.620000,0.475000,0.160000,1.129500,0.463000,0.268500,0.330000,10.000000
M,0.525000,0.430000,0.165000,0.864500,0.376000,0.194500,0.251500,16.000000
M,0.600000,0.475000,0.205000,1.176000,0.525500,0.287500,0.308000,9.000000
I,0.270000,0.190000,0.060000,0.099000,0.044500,0.017000,0.030000,5.000000
F,0.530000,0.435000,0.170000,0.815500,0.298500,0.155000,0.275000,13.000000
F,0.595000,0.485000,0.145000,1.251500,0.503500,0.292500,0.330000,14.000000
M,0.675000,0.525000,0.175000,1.402000,0.483000,0.320500,0.465000,16.000000
M,0.595000,0.450000,0.140000,0.838000,0.396500,0.194000,0.217000,10.000000
I,0.350000,0.260000,0.095000,0.211000,0.086000,0.056000,0.068000,7.000000
M,0.350000,0.265000,0.090000,0.197000,0.073000,0.036500,0.077000,7.000000
F,0.375000,0.270000,0.135000,0.597000,0.272000,0.131000,0.167500,7.000000
M,0.645000,0.495000,0.185000,1.493500,0.526500,0.278500,0.455000,15.000000
M,0.700000,0.545000,0.215000,1.912500,0.882500,0.438500,0.506000,10.000000
F,0.600000,0.475000,0.180000,1.162000,0.511000,0.267500,0.320000,18.000000
M,0.560000,0.420000,0.195000,0.808500,0.302500,0.179500,0.285000,14.000000
F,0.540000,0.420000,0.140000,0.803500,0.380000,0.180500,0.210000,9.000000
I,0.375000,0.260000,0.080000,0.207500,0.090000,0.041500,0.070000,6.000000
F,0.725000,0.565000,0.210000,2.142500,1.030000,0.487000,0.503000,14.000000
F,0.565000,0.455000,0.175000,1.013000,0.342000,0.207000,0.350000,19.000000
M,0.565000,0.425000,0.100000,0.714500,0.305500,0.166000,0.180000,12.000000
I,0.275000,0.200000,0.070000,0.096000,0.037000,0.022500,0.030000,6.000000
I,0.405000,0.305000,0.105000,0.362500,0.156500,0.070500,0.125000,10.000000
M,0.590000,0.485000,0.120000,0.911000,0.390000,0.182000,0.290000,16.000000
F,0.490000,0.385000,0.150000,0.786500,0.241000,0.140000,0.240000,23.000000
F,0.480000,0.385000,0.135000,0.536000,0.189500,0.142000,0.173000,14.000000
I,0.590000,0.450000,0.145000,1.022000,0.428000,0.268000,0.265000,10.000000
I,0.480000,0.380000,0.125000,0.624500,0.339500,0.108500,0.166500,8.000000
I,0.325000,0.270000,0.100000,0.185000,0.080000,0.043500,0.065000,6.000000
M,0.515000,0.435000,0.145000,0.881500,0.292000,0.206000,0.255000,10.000000
M,0.700000,0.555000,0.200000,1.858000,0.730000,0.366500,0.595000,11.000000
F,0.590000,0.485000,0.205000,1.231500,0.452500,0.238000,0.420000,13.000000
F,0.595000,0.470000,0.155000,1.177500,0.542000,0.269000,0.310000,9.000000
F,0.575000,0.465000,0.175000,1.099000,0.473500,0.202000,0.350000,9.000000
F,0.395000,0.315000,0.105000,0.351500,0.118500,0.091000,0.119500,16.000000
F,0.555000,0.435000,0.165000,0.970000,0.336000,0.231500,0.295000,17.000000
F,0.570000,0.460000,0.170000,1.100000,0.412500,0.220500,0.380000,14.000000
M,0.400000,0.305000,0.130000,0.293500,0.096000,0.067500,0.105000,9.000000
F,0.585000,0.435000,0.175000,0.982000,0.405500,0.249500,0.270000,10.000000
M,0.600000,0.470000,0.130000,1.010500,0.423000,0.219000,0.298000,9.000000
I,0.325000,0.250000,0.070000,0.174500,0.087500,0.035500,0.040000,7.000000
I,0.430000,0.325000,0.110000,0.367500,0.135500,0.093500,0.120000,13.000000
I,0.300000,0.230000,0.075000,0.127000,0.052000,0.030000,0.034500,6.000000
F,0.505000,0.390000,0.130000,0.674000,0.316500,0.141000,0.178500,9.000000
F,0.455000,0.375000,0.125000,0.458000,0.198500,0.111000,0.120000,10.000000
I,0.440000,0.345000,0.100000,0.366000,0.122000,0.090500,0.120000,13.000000
M,0.655000,0.525000,0.180000,1.402000,0.624000,0.293500,0.365000,13.000000
I,0.485000,0.365000,0.140000,0.447500,0.189500,0.092500,0.230500,8.000000
F,0.625000,0.490000,0.155000,1.330000,0.667500,0.259000,0.330000,10.000000
I,0.430000,0.345000,0.115000,0.429500,0.212000,0.108000,0.109000,8.000000
M,0.280000,0.200000,0.080000,0.091500,0.033000,0.021500,0.030000,5.000000
M,0.775000,0.630000,0.250000,2.779500,1.348500,0.760000,0.578000,12.000000
F,0.525000,0.410000,0.115000,0.774500,0.416000,0.163000,0.180000,7.000000
I,0.450000,0.365000,0.125000,0.462000,0.213500,0.098500,0.131500,8.000000
M,0.655000,0.525000,0.185000,1.259000,0.487000,0.221500,0.445000,20.000000
I,0.320000,0.255000,0.100000,0.175500,0.073000,0.041500,0.065000,7.000000
F,0.550000,0.415000,0.180000,1.165500,0.502000,0.301000,0.311000,9.000000
I,0.455000,0.350000,0.130000,0.472500,0.215000,0.074500,0.150000,9.000000
I,0.375000,0.290000,0.140000,0.300000,0.140000,0.062500,0.082500,8.000000
M,0.525000,0.410000,0.130000,0.687500,0.343500,0.149500,0.176500,9.000000
F,0.580000,0.460000,0.185000,1.017000,0.351500,0.200000,0.320000,10.000000
F,0.520000,0.410000,0.125000,0.698500,0.294500,0.162500,0.215000,10.000000
I,0.545000,0.420000,0.165000,0.893500,0.423500,0.219500,0.228000,8.000000
M,0.590000,0.500000,0.200000,1.187000,0.412000,0.270500,0.370000,16.000000
M,0.610000,0.450000,0.190000,1.080500,0.517000,0.249500,0.293500,10.000000
F,0.560000,0.445000,0.195000,0.981000,0.305000,0.224500,0.335000,16.000000
I,0.250000,0.190000,0.065000,0.083500,0.039000,0.015000,0.025000,5.000000
M,0.440000,0.325000,0.115000,0.390000,0.163000,0.087000,0.113000,7.000000
M,0.400000,0.320000,0.095000,0.303000,0.133500,0.060000,0.100000,7.000000
I,0.330000,0.250000,0.075000,0.140500,0.056000,0.035000,0.050000,5.000000
M,0.330000,0.235000,0.090000,0.163000,0.061500,0.034000,0.055000,10.000000
I,0.470000,0.355000,0.120000,0.393000,0.167000,0.088500,0.115000,8.000000
F,0.430000,0.325000,0.115000,0.386500,0.147500,0.106500,0.110000,11.000000
F,0.550000,0.435000,0.140000,0.745000,0.347000,0.174000,0.226500,9.000000
M,0.350000,0.255000,0.080000,0.191500,0.080000,0.038500,0.063000,9.000000
I,0.320000,0.235000,0.065000,0.138500,0.058000,0.022500,0.050000,5.000000
M,0.615000,0.470000,0.165000,1.128000,0.446500,0.219500,0.340000,10.000000
I,0.360000,0.280000,0.105000,0.199000,0.069500,0.045000,0.080000,9.000000
F,0.575000,0.435000,0.150000,1.030500,0.460500,0.218000,0.360000,8.000000
F,0.625000,0.480000,0.170000,1.352500,0.623500,0.278000,0.365000,10.000000
M,0.520000,0.385000,0.140000,0.659500,0.248500,0.203500,0.160000,9.000000
M,0.520000,0.400000,0.120000,0.823000,0.298000,0.180500,0.265000,15.000000
F,0.570000,0.435000,0.150000,0.829500,0.387500,0.156000,0.245000,10.000000
F,0.330000,0.260000,0.080000,0.200000,0.062500,0.050000,0.070000,9.000000
F,0.585000,0.475000,0.165000,1.053000,0.458000,0.217000,0.300000,11.000000
F,0.580000,0.435000,0.155000,0.878500,0.425000,0.168500,0.242500,10.000000
F,0.650000,0.505000,0.165000,1.160000,0.478500,0.274000,0.349000,11.000000
I,0.460000,0.355000,0.140000,0.493500,0.216000,0.133000,0.115000,13.000000
M,0.615000,0.495000,0.200000,1.304000,0.579500,0.311500,0.371000,14.000000
I,0.530000,0.425000,0.130000,0.781000,0.390500,0.200500,0.215000,9.000000
M,0.555000,0.460000,0.160000,0.860000,0.334500,0.193500,0.275000,10.000000
M,0.745000,0.585000,0.215000,2.499000,0.926500,0.472000,0.700000,17.000000
M,0.650000,0.500000,0.155000,1.202000,0.565000,0.313500,0.294000,11.000000
I,0.335000,0.245000,0.090000,0.201500,0.096000,0.040500,0.048000,7.000000
F,0.675000,0.535000,0.185000,1.557500,0.703500,0.402000,0.400000,11.000000
M,0.595000,0.460000,0.155000,1.030000,0.427500,0.207000,0.330500,10.000000
F,0.580000,0.450000,0.235000,1.071000,0.300000,0.206000,0.395000,14.000000
M,0.630000,0.480000,0.185000,1.210000,0.530000,0.255500,0.322000,11.000000
F,0.520000,0.410000,0.170000,0.870500,0.373500,0.219000,0.250000,14.000000
F,0.635000,0.485000,0.165000,1.294500,0.668000,0.260500,0.271500,9.000000
I,0.475000,0.355000,0.125000,0.486500,0.215500,0.110500,0.142000,9.000000
I,0.300000,0.225000,0.075000,0.134500,0.057000,0.028000,0.044000,5.000000
M,0.645000,0.495000,0.190000,1.539000,0.611500,0.408000,0.445000,12.000000
F,0.635000,0.495000,0.015000,1.156500,0.511500,0.308000,0.288500,9.000000
M,0.720000,0.565000,0.200000,1.787000,0.718000,0.385000,0.529000,11.000000
M,0.565000,0.430000,0.150000,0.831000,0.424500,0.173500,0.219000,10.000000
M,0.575000,0.470000,0.165000,0.853000,0.292000,0.179000,0.350000,16.000000
M,0.505000,0.400000,0.155000,0.841500,0.271500,0.177500,0.285000,12.000000
F,0.590000,0.450000,0.160000,0.900000,0.358000,0.156000,0.315000,19.000000
M,0.440000,0.350000,0.110000,0.458500,0.200000,0.088500,0.130000,9.000000
I,0.620000,0.475000,0.160000,0.907000,0.371000,0.167000,0.307500,11.000000
I,0.510000,0.405000,0.125000,0.679500,0.346500,0.139500,0.182000,8.000000
F,0.625000,0.525000,0.195000,1.352000,0.450500,0.244500,0.530000,13.000000
M,0.645000,0.510000,0.165000,1.403000,0.575500,0.251500,0.454500,11.000000
I,0.445000,0.345000,0.130000,0.407500,0.136500,0.064500,0.180000,11.000000
M,0.710000,0.550000,0.200000,1.904500,0.882000,0.440000,0.500000,13.000000
M,0.550000,0.435000,0.160000,0.906000,0.342000,0.219000,0.295000,13.000000
I,0.435000,0.315000,0.110000,0.368500,0.161500,0.071500,0.120000,7.000000
F,0.395000,0.300000,0.105000,0.337500,0.143500,0.075500,0.098000,12.000000
M,0.350000,0.265000,0.090000,0.225500,0.099500,0.048500,0.070000,7.000000
M,0.750000,0.555000,0.215000,2.201000,1.061500,0.523500,0.528500,11.000000
I,0.355000,0.255000,0.080000,0.187000,0.078000,0.050500,0.058000,7.000000
F,0.670000,0.520000,0.190000,1.320000,0.523500,0.309500,0.427500,13.000000
I,0.575000,0.445000,0.170000,0.801500,0.347500,0.146500,0.250000,9.000000
M,0.685000,0.530000,0.170000,1.560000,0.647000,0.383000,0.465000,11.000000
F,0.600000,0.500000,0.170000,1.130000,0.440500,0.267000,0.335000,11.000000
M,0.515000,0.380000,0.135000,0.661500,0.287500,0.209500,0.155000,10.000000
I,0.470000,0.370000,0.110000,0.555500,0.250000,0.115000,0.163000,8.000000
I,0.315000,0.230000,0.090000,0.128500,0.043000,0.040000,0.040000,7.000000
I,0.380000,0.290000,0.100000,0.237000,0.108000,0.039500,0.082000,6.000000
I,0.505000,0.390000,0.150000,0.685000,0.362000,0.131000,0.156000,8.000000
I,0.520000,0.410000,0.145000,0.646000,0.296500,0.159500,0.165000,9.000000
I,0.495000,0.380000,0.130000,0.512500,0.218500,0.116000,0.160000,7.000000
M,0.575000,0.450000,0.165000,0.921500,0.327500,0.225000,0.256000,12.000000
F,0.635000,0.485000,0.165000,1.269500,0.563500,0.306500,0.339500,11.000000
M,0.625000,0.485000,0.170000,1.437000,0.585500,0.293000,0.475000,11.000000
M,0.550000,0.405000,0.150000,0.923500,0.412000,0.213500,0.240000,7.000000
F,0.680000,0.550000,0.175000,1.798000,0.815000,0.392500,0.455000,19.000000
M,0.520000,0.465000,0.150000,0.950500,0.456000,0.199000,0.255000,8.000000
I,0.400000,0.305000,0.100000,0.341500,0.176000,0.062500,0.086500,7.000000
F,0.565000,0.450000,0.135000,0.988500,0.387000,0.149500,0.310000,12.000000
M,0.435000,0.335000,0.110000,0.438500,0.207500,0.071500,0.131500,7.000000
M,0.565000,0.425000,0.160000,0.942500,0.349500,0.218500,0.275000,17.000000
M,0.650000,0.485000,0.140000,1.175000,0.475000,0.243500,0.215000,8.000000
M,0.730000,0.585000,0.225000,2.230500,1.239500,0.422000,0.563000,14.000000
I,0.545000,0.435000,0.135000,0.771500,0.372000,0.148000,0.227000,8.000000
F,0.550000,0.380000,0.165000,1.205000,0.543000,0.294000,0.334500,10.000000
I,0.430000,0.315000,0.115000,0.384000,0.188500,0.071500,0.110000,8.000000
F,0.595000,0.470000,0.165000,1.015500,0.491000,0.190500,0.289000,9.000000
I,0.520000,0.410000,0.120000,0.595000,0.238500,0.111000,0.190000,8.000000
M,0.545000,0.410000,0.145000,0.873000,0.303500,0.196000,0.310000,18.000000
I,0.395000,0.325000,0.105000,0.306000,0.111000,0.073500,0.095000,8.000000
M,0.680000,0.540000,0.190000,1.623000,0.716500,0.354000,0.471500,12.000000
I,0.360000,0.260000,0.080000,0.179500,0.074000,0.031500,0.060000,5.000000
I,0.250000,0.180000,0.060000,0.073000,0.028000,0.017000,0.022500,5.000000
I,0.440000,0.335000,0.110000,0.388500,0.175000,0.083500,0.111000,7.000000
I,0.525000,0.400000,0.130000,0.644500,0.345000,0.128500,0.200000,8.000000
I,0.555000,0.425000,0.130000,0.648000,0.283500,0.133000,0.210500,8.000000
F,0.620000,0.510000,0.175000,1.125500,0.498500,0.227000,0.315000,14.000000
M,0.665000,0.515000,0.165000,1.385500,0.621000,0.302000,0.344500,8.000000
I,0.465000,0.355000,0.120000,0.580500,0.255000,0.091500,0.184000,8.000000
M,0.630000,0.490000,0.170000,1.174500,0.525500,0.273000,0.339000,11.000000
M,0.705000,0.555000,0.215000,2.141000,1.046500,0.383000,0.528000,11.000000
I,0.620000,0.470000,0.155000,0.966000,0.447000,0.171000,0.284000,11.000000
F,0.575000,0.450000,0.160000,0.977500,0.313500,0.231000,0.330000,12.000000
M,0.590000,0.440000,0.150000,0.872500,0.387000,0.215000,0.245000,8.000000
F,0.645000,0.500000,0.200000,1.428500,0.639000,0.305000,0.360000,11.000000
M,0.620000,0.480000,0.160000,1.076500,0.412000,0.253000,0.300000,13.000000
I,0.570000,0.430000,0.145000,0.833000,0.354000,0.144000,0.281500,10.000000
M,0.450000,0.350000,0.100000,0.367500,0.146500,0.101500,0.120000,10.000000
M,0.580000,0.440000,0.150000,1.046500,0.518000,0.218500,0.279500,10.000000
M,0.770000,0.600000,0.215000,2.194500,1.051500,0.482000,0.584000,10.000000
M,0.660000,0.495000,0.195000,1.627500,0.594000,0.359500,0.485000,10.000000
M,0.490000,0.465000,0.125000,0.522500,0.235000,0.130000,0.141000,7.000000
I,0.205000,0.150000,0.065000,0.040000,0.020000,0.011000,0.013000,4.000000
I,0.470000,0.365000,0.100000,0.411000,0.175000,0.085500,0.135000,8.000000
M,0.600000,0.475000,0.155000,1.138500,0.502000,0.229500,0.310000,9.000000
M,0.550000,0.440000,0.135000,0.879000,0.368000,0.209500,0.265000,10.000000
M,0.600000,0.495000,0.165000,1.241500,0.485000,0.277500,0.340000,15.000000
M,0.575000,0.465000,0.120000,1.053500,0.516000,0.218500,0.235000,9.000000
F,0.570000,0.440000,0.190000,1.018000,0.447000,0.207000,0.265000,9.000000
M,0.645000,0.500000,0.195000,1.401000,0.616500,0.351500,0.372500,10.000000
M,0.470000,0.350000,0.100000,0.477500,0.188500,0.088500,0.175000,8.000000
I,0.315000,0.235000,0.070000,0.149000,0.058000,0.032500,0.047000,7.000000
M,0.640000,0.515000,0.080000,1.042000,0.515000,0.175500,0.175000,10.000000
M,0.605000,0.470000,0.180000,1.140500,0.375500,0.280500,0.385000,15.000000
F,0.635000,0.510000,0.185000,1.286000,0.526000,0.295000,0.410500,12.000000
I,0.505000,0.385000,0.125000,0.596000,0.245000,0.097000,0.210000,9.000000
M,0.525000,0.405000,0.120000,0.755500,0.375500,0.155500,0.201000,9.000000
M,0.690000,0.540000,0.185000,1.710000,0.772500,0.385500,0.432500,8.000000
M,0.730000,0.595000,0.230000,2.825500,1.146500,0.419000,0.897000,17.000000
M,0.665000,0.525000,0.180000,1.429000,0.671500,0.290000,0.400000,12.000000
M,0.630000,0.485000,0.175000,1.300000,0.433500,0.294500,0.460000,23.000000
M,0.480000,0.365000,0.130000,0.530500,0.240500,0.127000,0.139000,8.000000
F,0.600000,0.475000,0.170000,1.088000,0.490500,0.247500,0.310000,10.000000
F,0.620000,0.470000,0.200000,1.225500,0.381000,0.270000,0.435000,23.000000
F,0.630000,0.485000,0.170000,1.320500,0.594500,0.345000,0.345000,9.000000
M,0.620000,0.480000,0.165000,1.085500,0.481000,0.257500,0.305000,10.000000
I,0.330000,0.255000,0.080000,0.205000,0.089500,0.039500,0.055000,7.000000
F,0.720000,0.575000,0.215000,2.100000,0.856500,0.482500,0.602000,12.000000
I,0.295000,0.220000,0.085000,0.128500,0.058500,0.027000,0.036500,5.000000
I,0.510000,0.400000,0.150000,0.745000,0.286500,0.167500,0.235000,13.000000
M,0.440000,0.365000,0.125000,0.516000,0.215500,0.114000,0.155000,10.000000
I,0.425000,0.300000,0.095000,0.351500,0.141000,0.077500,0.120000,8.000000
I,0.515000,0.400000,0.120000,0.659000,0.270500,0.179000,0.170000,13.000000
M,0.525000,0.405000,0.135000,0.757500,0.330500,0.216000,0.195000,10.000000
M,0.600000,0.470000,0.165000,1.059000,0.504000,0.241000,0.275000,9.000000
M,0.630000,0.505000,0.170000,1.091500,0.461500,0.266000,0.300000,9.000000
M,0.625000,0.490000,0.165000,1.205000,0.517500,0.310500,0.346500,10.000000
F,0.680000,0.510000,0.200000,1.607500,0.714000,0.339000,0.470500,11.000000
M,0.750000,0.550000,0.180000,1.893000,0.942000,0.397000,0.445000,11.000000
M,0.555000,0.445000,0.130000,0.862500,0.422500,0.155000,0.240000,9.000000
I,0.235000,0.160000,0.040000,0.048000,0.018500,0.018000,0.015000,5.000000
I,0.315000,0.235000,0.075000,0.148500,0.058500,0.037500,0.042500,6.000000
M,0.570000,0.455000,0.175000,1.020000,0.480500,0.214500,0.290000,9.000000
I,0.430000,0.340000,0.125000,0.384000,0.137500,0.061000,0.146000,14.000000
M,0.525000,0.400000,0.155000,0.707000,0.282000,0.160500,0.225000,9.000000
I,0.300000,0.230000,0.080000,0.127500,0.043500,0.026500,0.040000,8.000000
F,0.710000,0.550000,0.170000,1.614000,0.743000,0.345000,0.450000,11.000000
I,0.470000,0.355000,0.120000,0.491500,0.176500,0.112500,0.132500,9.000000
I,0.460000,0.370000,0.120000,0.533500,0.264500,0.108000,0.134500,6.000000
F,0.475000,0.375000,0.125000,0.588000,0.237000,0.171500,0.155000,10.000000
M,0.525000,0.400000,0.130000,0.622000,0.265500,0.147000,0.184000,9.000000
F,0.515000,0.400000,0.170000,0.796000,0.258000,0.175500,0.280000,16.000000
I,0.290000,0.215000,0.065000,0.098500,0.042500,0.021000,0.031000,5.000000
M,0.575000,0.465000,0.150000,1.080000,0.595000,0.206500,0.238000,9.000000
F,0.680000,0.520000,0.185000,1.541000,0.598500,0.395000,0.457500,10.000000
I,0.400000,0.300000,0.090000,0.281500,0.118500,0.061000,0.080000,7.000000
I,0.525000,0.405000,0.125000,0.657000,0.298500,0.150500,0.168000,10.000000
